逝川流光 Plot Results:
crit_rating, DPS, DPS-Error
0, 46,605.6, 46.2792
10, 46,717.6, 138.146
20, 46,789.1, 139.113
30, 46,947.8, 138.698
40, 47,056.8, 139.525
50, 47,157, 131.963
60, 47,260, 141.199
70, 47,349.1, 140.418
80, 47,498.1, 134.048
90, 47,560.3, 142.18
100, 47,681.5, 140.916
110, 47,774.8, 142.912
120, 47,912.2, 142.939
130, 48,025.3, 136.056
140, 48,111.3, 142.721
150, 48,237.7, 135.802
160, 48,349.1, 136.964
170, 48,485, 137.786
180, 48,583.1, 142.84
190, 48,702.2, 139.315
200, 48,764.8, 145.137
210, 48,864.3, 138.745
220, 48,997.7, 138.631
230, 49,087.6, 138.163
240, 49,200, 145.409
250, 49,262.5, 145.762
260, 49,388.8, 146.096
270, 49,507.3, 146.644
280, 49,612.7, 147.588
290, 49,724.8, 141.568
300, 49,828.7, 140.106
310, 49,942.5, 142.686
320, 50,054.7, 141.416
330, 50,163.6, 142.001
340, 50,228.1, 142.505
350, 50,359.9, 142.824
360, 50,498.1, 143.967
370, 50,574, 144.606
380, 50,679.4, 144.666
390, 50,823.2, 145.214
400, 50,927, 152.14
410, 51,051.7, 150.842
420, 51,147, 144.696
430, 51,276.3, 145.677
440, 51,345.4, 153.364
450, 51,436.8, 153.902
460, 51,561.8, 146.865
470, 51,669.2, 146.086
480, 51,797.4, 146.479
490, 51,849.7, 146.327
500, 51,969.5, 147.339
510, 52,047.7, 147.896
520, 52,195.7, 149.197
530, 52,296.7, 148.773
540, 52,401.2, 149.091
550, 52,519.8, 149.513
560, 52,635.8, 150.437
570, 52,744.8, 150.875
580, 52,866.1, 151.578
590, 52,966, 151.749
600, 53,029.3, 151.132
610, 53,170.5, 153.214
620, 53,290.7, 154.309
630, 53,383.2, 154.46
640, 53,485.6, 154.03
650, 53,596, 154.68
660, 53,711.3, 155.96
670, 53,818.9, 155.104
680, 53,897.4, 155.093
690, 54,022.1, 156.636
700, 54,144.5, 156.568
710, 54,218.3, 155.165
720, 54,366.8, 157.58
730, 54,458.3, 156.724
740, 54,546.3, 158.087
750, 54,669.4, 156.013
760, 54,795.5, 157.504
770, 54,854.5, 157.064
780, 54,999.7, 157.956
790, 55,114.8, 159.738
800, 55,202, 158.658
810, 55,315.9, 159.739
820, 55,437.3, 159.625
830, 55,518.1, 159.607
840, 55,621.3, 160.792
850, 55,756.3, 161.151
860, 55,845.4, 161.484
870, 55,952.6, 161.852
880, 56,079, 161.945
890, 56,154.7, 162.908
900, 56,297, 162.677
910, 56,365.2, 161.92
920, 56,482.8, 163.71
930, 56,615.1, 163.81
940, 56,719.8, 163.851
950, 56,840.5, 164.061
960, 56,942.1, 163.94
970, 57,026, 164.135
980, 57,134.2, 165.142
990, 57,246.3, 165.545
1,000, 57,339, 165.377
1,010, 57,482.7, 165.523
1,020, 57,543.8, 166.963
1,030, 57,647.1, 164.753
1,040, 57,758.6, 166.188
1,050, 57,838.7, 166.105
1,060, 57,948.3, 167.51
1,070, 58,052.5, 168.657
1,080, 58,129.8, 167.509
1,090, 58,264.7, 168.14
1,100, 58,367.3, 168.744
1,110, 58,452.5, 168.445
1,120, 58,542.6, 167.395
1,130, 58,671.7, 169.638
1,140, 58,742.9, 168.729
1,150, 58,835, 169
1,160, 58,943.6, 169.31
1,170, 59,023.3, 167.9
1,180, 59,114.2, 168.482
1,190, 59,189.2, 169.321
1,200, 59,323.4, 170.785
1,210, 59,408.3, 171.364
1,220, 59,497.7, 169.738
1,230, 59,584.5, 169.873
1,240, 59,714.9, 171.495
1,250, 59,778.2, 170.044
1,260, 59,912.1, 172.295
1,270, 60,005.9, 173.473
1,280, 60,100.1, 173.294
1,290, 60,179.3, 173.71
1,300, 60,306.8, 174.232
1,310, 60,376.5, 172.731
1,320, 60,490.8, 173.491
1,330, 60,557.4, 175.21
1,340, 60,663.6, 175.186
1,350, 60,769.3, 176.504
1,360, 60,897.5, 175.567
1,370, 60,935, 175.241
1,380, 61,035.5, 177.245
1,390, 61,163, 177.042
1,400, 61,238, 177.791
1,410, 61,344.7, 175.104
1,420, 61,406.4, 176.152
1,430, 61,511.7, 176.948
1,440, 61,627.3, 177.882
1,450, 61,735.7, 176.339
1,460, 61,826.3, 177.848
1,470, 61,923.5, 177.843
1,480, 62,014.3, 179.052
1,490, 62,101.3, 179.449
1,500, 62,221.2, 178.483

haste_rating, DPS, DPS-Error
0, 46,605.6, 46.2792
10, 46,684.4, 134.138
20, 46,782, 137.278
30, 46,880.4, 135.791
40, 46,920.6, 134.014
50, 46,874.5, 138.129
60, 47,049.8, 138.326
70, 47,227.7, 132.098
80, 47,332.3, 138.964
90, 47,433.5, 140.17
100, 47,404.9, 133.578
110, 47,671.3, 140.94
120, 47,801, 138.059
130, 47,867.7, 136.633
140, 48,038.4, 140.119
150, 47,989.5, 142.857
160, 48,169.8, 140.646
170, 48,188.1, 133.515
180, 48,397.8, 135.222
190, 48,448.3, 141.314
200, 48,379.1, 138.41
210, 48,660, 138.251
220, 48,485.3, 137.36
230, 48,667.5, 142.788
240, 48,831.4, 141.301
250, 48,822.6, 139.898
260, 48,943.5, 142.273
270, 48,986.8, 145.792
280, 49,076.9, 141.979
290, 49,158.3, 138.683
300, 49,407.1, 142.129
310, 49,400.6, 136.518
320, 49,711, 142.809
330, 49,685.7, 137.995
340, 49,667, 146.931
350, 49,963.5, 145.635
360, 49,990.7, 140.472
370, 50,060.6, 139.829
380, 50,145.8, 145.824
390, 50,326.5, 148.249
400, 50,228.5, 145.955
410, 50,274.6, 142.394
420, 50,554.5, 145.719
430, 50,537, 150.152
440, 50,514.7, 142.211
450, 50,456.9, 144.579
460, 50,899, 147.123
470, 50,936.4, 147.101
480, 50,856.8, 148.901
490, 51,059.8, 141.575
500, 51,084.1, 146.825
510, 51,053.7, 148.772
520, 51,121.7, 145.781
530, 51,402.3, 151.921
540, 51,299.7, 152.573
550, 51,573.8, 143.783
560, 51,604.4, 148.347
570, 51,661.3, 143.617
580, 51,713.3, 153.726
590, 51,853.3, 147.834
600, 51,996.1, 152
610, 52,192.6, 153.562
620, 52,149, 149.392
630, 52,232.6, 155.454
640, 52,330.8, 153.601
650, 52,498.9, 149.737
660, 52,533.7, 150.227
670, 52,722.6, 156.058
680, 52,815.4, 152.42
690, 52,849.5, 153.01
700, 53,074.2, 158.236
710, 53,001.2, 154.076
720, 53,267.7, 149.109
730, 53,323.1, 158.731
740, 53,367.7, 154.69
750, 53,511.1, 155.569
760, 53,447.7, 148.455
770, 53,629.4, 158.311
780, 53,812.4, 152.253
790, 53,670.8, 153.186
800, 54,026.7, 155.53
810, 54,019.8, 154.194
820, 54,052.3, 154.034
830, 54,262.4, 154.08
840, 54,140.8, 158.974
850, 54,434.2, 160.547
860, 54,404.8, 156.672
870, 54,523, 162.195
880, 54,636.3, 154.349
890, 54,556.5, 155.113
900, 54,461.1, 158.839
910, 54,750.2, 150.162
920, 55,087, 159.057
930, 54,994.6, 155.669
940, 55,017.7, 160.843
950, 55,094.7, 155.702
960, 55,123.9, 161.659
970, 55,221.5, 160.6
980, 55,241.4, 157.953
990, 55,388.8, 159.358
1,000, 55,400.5, 153.964
1,010, 55,370, 155.247
1,020, 55,406.6, 159.566
1,030, 55,788.5, 166.794
1,040, 55,733, 160.748
1,050, 55,695.4, 162.712
1,060, 55,762.2, 163.247
1,070, 55,828.4, 163.931
1,080, 56,122.5, 167.091
1,090, 55,936.7, 165.734
1,100, 56,246.5, 161.929
1,110, 56,475.4, 165.993
1,120, 56,325.5, 167.108
1,130, 56,652.8, 161.558
1,140, 56,811, 162.069
1,150, 56,634.2, 166.447
1,160, 56,689.9, 166.971
1,170, 56,898, 169.713
1,180, 56,788.5, 165.952
1,190, 56,920.8, 168.552
1,200, 56,928.1, 164.388
1,210, 57,051, 167.627
1,220, 57,181.5, 163.498
1,230, 57,182.6, 166.235
1,240, 57,317.2, 162.83
1,250, 57,346.6, 167.128
1,260, 57,405, 166.615
1,270, 57,340.9, 162.869
1,280, 57,447.7, 166.913
1,290, 57,467.3, 165.584
1,300, 57,590.3, 168.682
1,310, 57,410.1, 169.214
1,320, 57,419.5, 164.017
1,330, 57,542.8, 159.517
1,340, 57,774, 162.267
1,350, 57,560.3, 166.784
1,360, 57,607.9, 169.577
1,370, 57,735.8, 165.625
1,380, 57,875.4, 171.959
1,390, 57,898.9, 163.377
1,400, 57,993.8, 167.981
1,410, 58,109.6, 165.137
1,420, 58,037.6, 164.869
1,430, 58,003.1, 167.872
1,440, 58,304.4, 170.733
1,450, 58,132.9, 164.298
1,460, 58,340.6, 166.466
1,470, 58,343.7, 163.416
1,480, 58,346, 166.639
1,490, 58,679.2, 168.155
1,500, 58,450.6, 173.207

mastery_rating, DPS, DPS-Error
0, 46,605.6, 46.2792
10, 46,675.4, 139.349
20, 46,752.3, 138.89
30, 46,840.6, 138.443
40, 46,910.8, 139.514
50, 46,976.3, 138.995
60, 47,071.7, 139.363
70, 47,137.4, 139.412
80, 47,219.1, 140.202
90, 47,289.5, 140.423
100, 47,401.8, 132.344
110, 47,461.6, 132.781
120, 47,514.7, 141.178
130, 47,632.4, 133.622
140, 47,697.4, 141.077
150, 47,781.9, 133.773
160, 47,848.8, 135.25
170, 47,923, 135.559
180, 47,997.8, 137.432
190, 48,066.9, 142.518
200, 48,125.5, 143.435
210, 48,235, 135.631
220, 48,288, 144.865
230, 48,382.3, 144.385
240, 48,414.8, 144.304
250, 48,562.7, 144.689
260, 48,612.9, 139.31
270, 48,698, 138.729
280, 48,737.8, 145.269
290, 48,837.4, 138.337
300, 48,916.9, 137.256
310, 49,004.9, 145.828
320, 49,075.2, 144.427
330, 49,164, 140.043
340, 49,222.9, 139.242
350, 49,321.3, 146.485
360, 49,379.9, 140.387
370, 49,446.7, 139.936
380, 49,537.1, 140.026
390, 49,607.7, 140.566
400, 49,728.1, 143.191
410, 49,757.6, 140.574
420, 49,826.8, 142.027
430, 49,923, 141.46
440, 50,009.5, 141.213
450, 50,108.1, 148.599
460, 50,155.7, 142.63
470, 50,238.7, 143.684
480, 50,276.9, 142.946
490, 50,370.1, 144.307
500, 50,475.8, 143.973
510, 50,524.1, 143.322
520, 50,594.1, 144.607
530, 50,673.5, 143.737
540, 50,742.9, 144.889
550, 50,828.4, 145.17
560, 50,886.3, 145.088
570, 50,978, 144.632
580, 51,061.2, 145.683
590, 51,126.4, 147.426
600, 51,223.4, 146.231
610, 51,275.1, 145.985
620, 51,340.6, 146.133
630, 51,465.2, 146.268
640, 51,492.8, 146.557
650, 51,559, 146.192
660, 51,651.9, 146.7
670, 51,728.7, 147.115
680, 51,804.5, 147.006
690, 51,874.6, 148.024
700, 51,953.8, 147.72
710, 52,017.9, 148.874
720, 52,106.6, 148.698
730, 52,187.6, 148.129
740, 52,248.6, 149.21
750, 52,309.1, 149.707
760, 52,405.6, 149.138
770, 52,451, 151.031
780, 52,540.5, 151.525
790, 52,625.6, 150.215
800, 52,691.7, 150.876
810, 52,776.6, 150.291
820, 52,838.4, 150.776
830, 52,906.7, 151.845
840, 53,010.1, 151.121
850, 53,049.6, 152.55
860, 53,141.9, 153.932
870, 53,219.2, 152.744
880, 53,296.3, 152.006
890, 53,359.4, 152.171
900, 53,463.4, 153.508
910, 53,511.2, 153.014
920, 53,569.4, 154.367
930, 53,680.1, 153.06
940, 53,744, 153.537
950, 53,806.3, 153.429
960, 53,913.9, 156.831
970, 53,966.1, 155.611
980, 54,033.3, 154.67
990, 54,102.8, 155.236
1,000, 54,179.2, 155.778
1,010, 54,255.3, 156.156
1,020, 54,333.1, 155.627
1,030, 54,417.9, 156.206
1,040, 54,481.8, 158.493
1,050, 54,531.2, 159.361
1,060, 54,610.1, 156.875
1,070, 54,684.1, 157.03
1,080, 54,766.1, 156.784
1,090, 54,798.9, 157.105
1,100, 54,912.7, 156.681
1,110, 55,002.3, 157.256
1,120, 55,070.9, 158.216
1,130, 55,106, 159.394
1,140, 55,184.5, 158.31
1,150, 55,288.6, 158.701
1,160, 55,307.8, 159.666
1,170, 55,392.5, 158.839
1,180, 55,482.2, 157.998
1,190, 55,526.6, 160.244
1,200, 55,572, 160.064
1,210, 55,679.8, 161.38
1,220, 55,695.5, 160.84
1,230, 55,786, 160.567
1,240, 55,853, 161.026
1,250, 55,915.7, 162.045
1,260, 55,978.9, 161.474
1,270, 56,053.7, 162.759
1,280, 56,132, 162.247
1,290, 56,175.8, 161.799
1,300, 56,245.5, 161.355
1,310, 56,339.7, 161.737
1,320, 56,399.6, 162.108
1,330, 56,441.3, 163.383
1,340, 56,515, 163.25
1,350, 56,612.4, 162.826
1,360, 56,647.2, 164.132
1,370, 56,717.3, 165.899
1,380, 56,792.7, 163.07
1,390, 56,848.4, 164.529
1,400, 56,915.6, 165.429
1,410, 56,983.6, 163.68
1,420, 57,054.1, 166.361
1,430, 57,122.5, 164.057
1,440, 57,141.8, 165.992
1,450, 57,225.1, 164.955
1,460, 57,314.6, 165.718
1,470, 57,384.2, 166.375
1,480, 57,449.2, 165.667
1,490, 57,503.3, 166.198
1,500, 57,602, 168.768

versatility_rating, DPS, DPS-Error
0, 46,605.6, 46.2792
10, 46,681, 131.144
20, 46,775.7, 131.161
30, 46,834.7, 138.28
40, 46,884.2, 139.055
50, 46,959.7, 139.605
60, 47,039, 139.426
70, 47,136.8, 133.354
80, 47,178.7, 140.296
90, 47,290.7, 139.985
100, 47,345.5, 139.517
110, 47,379.3, 140.668
120, 47,471.6, 141.061
130, 47,532, 139.845
140, 47,592.6, 140.629
150, 47,686, 141.684
160, 47,764.3, 141.246
170, 47,826.6, 141.079
180, 47,917.2, 141.333
190, 47,962.9, 143.026
200, 48,043.3, 142.466
210, 48,123.5, 140.728
220, 48,203, 143.458
230, 48,256.6, 143.173
240, 48,327.6, 136.589
250, 48,381.1, 144.597
260, 48,504, 142.513
270, 48,540, 145.161
280, 48,643, 135.767
290, 48,703.7, 144.01
300, 48,745.9, 145.441
310, 48,865.2, 136.18
320, 48,918.1, 145.062
330, 49,002, 144.831
340, 49,063.7, 145.634
350, 49,146.2, 137.706
360, 49,177.7, 145.886
370, 49,261.6, 147.463
380, 49,348.3, 138.653
390, 49,420.5, 138.611
400, 49,498.3, 147.043
410, 49,563.5, 146.737
420, 49,601.4, 147.549
430, 49,684.4, 147.981
440, 49,743.9, 147.986
450, 49,868.8, 140.22
460, 49,927.2, 147.511
470, 49,988.3, 148.715
480, 50,057.7, 148.812
490, 50,120.5, 140.076
500, 50,195.1, 148.609
510, 50,302.5, 141.578
520, 50,355.2, 150.04
530, 50,443.6, 141.556
540, 50,473.5, 150.623
550, 50,568.9, 151.32
560, 50,672.9, 143.07
570, 50,718.7, 149.476
580, 50,779.3, 150.574
590, 50,865.2, 143.148
600, 50,916, 151.025
610, 51,022.3, 151.001
620, 51,091.7, 151.684
630, 51,197.9, 151.185
640, 51,236.4, 144.574
650, 51,333.2, 143.366
660, 51,368.1, 152.914
670, 51,435.4, 153.748
680, 51,551, 144.127
690, 51,588.7, 153.02
700, 51,656.9, 152.846
710, 51,679.9, 153.763
720, 51,791.2, 153.935
730, 51,872, 154.36
740, 51,933.3, 154
750, 52,044.2, 146.343
760, 52,080.9, 154.53
770, 52,146.9, 155.613
780, 52,227, 154.585
790, 52,307.8, 155.623
800, 52,346.6, 155.675
810, 52,453.5, 147.617
820, 52,508.2, 156.815
830, 52,619, 156.716
840, 52,687.3, 148.194
850, 52,754.7, 148.582
860, 52,789.3, 147.358
870, 52,857.7, 158.105
880, 52,969.3, 148.969
890, 53,032.9, 157.945
900, 53,123.6, 150.699
910, 53,167.2, 150.649
920, 53,257.3, 157.608
930, 53,311.2, 151.112
940, 53,398.6, 149.76
950, 53,434.9, 158.982
960, 53,521.9, 150.452
970, 53,597.6, 158.699
980, 53,675.9, 151.778
990, 53,739.5, 151.418
1,000, 53,796.9, 160.688
1,010, 53,877.8, 160.22
1,020, 53,968, 152.887
1,030, 54,026, 160.712
1,040, 54,133.8, 153.127
1,050, 54,192.6, 152.924
1,060, 54,243.8, 160.911
1,070, 54,332.4, 153.004
1,080, 54,412, 154.019
1,090, 54,465, 153.94
1,100, 54,558.1, 155.021
1,110, 54,626.5, 153.686
1,120, 54,682, 154.461
1,130, 54,750.4, 155.067
1,140, 54,828.8, 156.189
1,150, 54,883.1, 163.198
1,160, 54,975.2, 155.287
1,170, 55,040.1, 154.729
1,180, 55,138.8, 158.608
1,190, 55,228, 155.692
1,200, 55,247.6, 156.461
1,210, 55,330.9, 163.998
1,220, 55,413.9, 156.663
1,230, 55,461.2, 156.323
1,240, 55,556.6, 157.39
1,250, 55,637.8, 157.183
1,260, 55,666.3, 166.701
1,270, 55,787.3, 158.561
1,280, 55,834.2, 157.55
1,290, 55,914.9, 159.322
1,300, 55,987.7, 158.437
1,310, 56,060.2, 157.488
1,320, 56,131.3, 159.471
1,330, 56,209.4, 158.523
1,340, 56,248, 167.456
1,350, 56,331.6, 167.9
1,360, 56,411.8, 168.224
1,370, 56,475.1, 159.236
1,380, 56,568.1, 160.331
1,390, 56,649.7, 161.56
1,400, 56,733.7, 168.005
1,410, 56,784.1, 161.337
1,420, 56,864.5, 160.56
1,430, 56,914.5, 169.047
1,440, 56,987.4, 160.782
1,450, 57,099.6, 160.962
1,460, 57,147.9, 160.832
1,470, 57,196.9, 170.54
1,480, 57,287.2, 162.356
1,490, 57,340.8, 160.676
1,500, 57,414.6, 162.482

