逝川流光 Plot Results:
crit_rating, DPS, DPS-Error
0, 30278.5, 30.0694
10, 30346.1, 87.3259
20, 30359.8, 88.3139
30, 30461.2, 88.5718
40, 30579.4, 89.3518
50, 30641.1, 91.3752
60, 30721, 87.337
70, 30743, 88.2991
80, 30861.7, 87.9051
90, 30880.3, 89.6146
100, 30980, 92.4642
110, 31098.3, 91.8131
120, 31171.8, 90.8441
130, 31178.3, 88.4377
140, 31261.5, 91.7212
150, 31264.5, 89.3918
160, 31312.6, 93.8
170, 31450.7, 91.9619
180, 31462.6, 91.9788
190, 31662.9, 93.3704
200, 31603.1, 91.3481
210, 31676.7, 92.8077
220, 31714.5, 90.3185
230, 31771.8, 94.6428
240, 31877.8, 92.6846
250, 32005.4, 94.4943
260, 32095, 94.1333
270, 32157.5, 93.8637
280, 32157.3, 95.7213
290, 32216.7, 94.264
300, 32279.7, 92.574
310, 32393.4, 94.5224
320, 32446, 93.8887
330, 32582.3, 93.9645
340, 32587, 92.4921
350, 32622.3, 95.3659
360, 32672.3, 95.0803
370, 32720, 93.3058
380, 32845.2, 94.0601
390, 32827.8, 94.5774
400, 32908.1, 95.4988
410, 33105.9, 97.7171
420, 33141.2, 97.468
430, 33188.8, 96.7908
440, 33266.7, 97.1276
450, 33375.9, 99.3239
460, 33374.3, 97.0291
470, 33498.1, 97.1828
480, 33572.2, 97.1526
490, 33620.4, 99.3463
500, 33755.3, 98.2477
510, 33673.2, 97.9133
520, 33816.3, 98.444
530, 33892.5, 100.021
540, 34039.4, 99.6743
550, 33982.5, 97.0219
560, 34005.2, 98.2163
570, 34267.4, 100.727
580, 34222.8, 100.66
590, 34297.1, 98.9428
600, 34351.8, 99.9465
610, 34454.2, 100.488
620, 34477.3, 99.6122
630, 34564.4, 100.841
640, 34635.5, 102.2
650, 34669.7, 100.59
660, 34705.2, 102.017
670, 34814.5, 99.6314
680, 34978.5, 100.987
690, 35035.3, 101.279
700, 35023.1, 103.527
710, 35180.1, 104.297
720, 35128.9, 100.164
730, 35319.5, 102.743
740, 35288.9, 105.381
750, 35370.6, 103.397
760, 35490, 103.279
770, 35488.6, 103.298
780, 35688, 101.887
790, 35736.7, 101.513
800, 35732.8, 103.061
810, 35844.7, 105.197
820, 35959, 104.545
830, 36040.9, 104.353
840, 36085.5, 106.418
850, 36047.6, 105.366
860, 36210.2, 106.058
870, 36188.7, 104.562
880, 36263.2, 107.598
890, 36342.4, 104.181
900, 36494.1, 103.847
910, 36455.2, 107.044
920, 36590.6, 103.598
930, 36683.7, 107.085
940, 36668.1, 108.818
950, 36769, 105.377
960, 36753.3, 105.498
970, 36893.5, 109.687
980, 36976.5, 107.945
990, 37052.9, 105.391
1000, 37080, 110.293
1010, 37159, 107.389
1020, 37166.6, 107.232
1030, 37184.9, 111.04
1040, 37399.2, 106.756
1050, 37319.6, 106.461
1060, 37475, 107.202
1070, 37565.3, 110.313
1080, 37642.2, 107.38
1090, 37674.8, 110.821
1100, 37751.9, 112.066
1110, 37769.4, 111.038
1120, 37952.3, 109.332
1130, 37979.1, 111.487
1140, 38078.6, 108.578
1150, 38062.4, 111.935
1160, 38266.7, 110.469
1170, 38188.1, 110.12
1180, 38345.1, 111.286
1190, 38361.7, 112.307
1200, 38473.2, 113.029
1210, 38563.3, 112.367
1220, 38507.2, 110.235
1230, 38666.5, 113.427
1240, 38633, 110.104
1250, 38739.8, 112.032
1260, 38783.4, 112.655
1270, 38817.3, 111.894
1280, 38825.7, 115.57
1290, 38978.6, 114.549
1300, 39003.2, 113.817
1310, 39105.8, 115.568
1320, 39208.9, 112.962
1330, 39264.1, 113.533
1340, 39267.9, 113.476
1350, 39411.8, 112.233
1360, 39392.1, 113.947
1370, 39397.7, 113.692
1380, 39529.7, 116.049
1390, 39509.5, 117.429
1400, 39663.8, 117.019
1410, 39665.7, 115.881
1420, 39751.5, 114.017
1430, 39825, 116.098
1440, 39935.5, 115.559
1450, 40053.7, 115.233
1460, 40220.7, 116.726
1470, 40172.9, 114.588
1480, 40174.1, 117.027
1490, 40206.3, 114.455
1500, 40348.6, 115.481

haste_rating, DPS, DPS-Error
0, 30278.5, 30.0694
10, 30292.7, 88.3725
20, 30468.1, 87.1073
30, 30487.4, 87.8713
40, 30553.7, 88.8788
50, 30566.8, 90.9384
60, 30544.9, 90.5982
70, 30687.4, 89.126
80, 30728.9, 89.2857
90, 30838.5, 91.2377
100, 30836.7, 90.446
110, 30874.6, 87.5722
120, 31012.3, 90.0881
130, 31142.3, 91.4614
140, 31253.2, 91.6712
150, 31222.2, 90.6317
160, 31321.5, 91.4172
170, 31340, 91.9605
180, 31472.5, 91.3157
190, 31540.2, 94.0636
200, 31705.5, 91.9777
210, 31699.3, 94.3929
220, 31814.1, 92.8779
230, 31816.7, 91.7256
240, 31950.7, 92.0492
250, 31824.1, 93.184
260, 32064.6, 92.1668
270, 32075.8, 94.3466
280, 32209.7, 95.1658
290, 32148.1, 95.1809
300, 32277, 93.9557
310, 32272.2, 95.3409
320, 32415, 95.614
330, 32471.6, 93.9132
340, 32521.6, 93.6527
350, 32574.6, 95.9576
360, 32612.5, 95.8841
370, 32737.8, 97.3965
380, 32829.8, 94.4306
390, 32941.8, 94.3015
400, 32946, 94.8702
410, 33001.2, 98.8662
420, 33141.2, 97.8177
430, 33197.3, 96.5093
440, 33246.7, 96.7834
450, 33349.3, 99.4168
460, 33419.3, 96.4318
470, 33567.2, 96.4316
480, 33580.9, 97.6607
490, 33716.9, 97.9605
500, 33732.2, 99.3467
510, 33845.9, 100.328
520, 33960.3, 99.8907
530, 33901.6, 100.08
540, 33992.2, 100.865
550, 34181.4, 100.219
560, 34176.4, 100.326
570, 34217.6, 98.6881
580, 34285.4, 97.9373
590, 34440, 101.08
600, 34459.9, 102.134
610, 34465.9, 102.462
620, 34564.6, 99.9799
630, 34561.9, 99.3377
640, 34719.4, 103.173
650, 34856.3, 100.908
660, 34832, 100.472
670, 34788.2, 101.047
680, 34941.3, 102.178
690, 35058.2, 103.836
700, 35100.6, 104.605
710, 35165.6, 105.05
720, 35174.6, 103.876
730, 35347.7, 103.834
740, 35434.8, 105.069
750, 35444.1, 103.38
760, 35559.2, 104.701
770, 35689.5, 105.633
780, 35634, 105.831
790, 35661, 103.667
800, 35741.7, 106.246
810, 35939.8, 103.198
820, 35942.8, 104.523
830, 36069.1, 103.64
840, 36023.3, 106.833
850, 36233.2, 106.816
860, 36307.5, 106.052
870, 36481.8, 106.101
880, 36374.1, 108.235
890, 36569.1, 104.94
900, 36720.4, 109.066
910, 36731.8, 104.17
920, 36780.6, 109.287
930, 36845.9, 106.034
940, 36907.2, 107.442
950, 36973.7, 106.822
960, 37037.6, 108.259
970, 37084.3, 109.341
980, 37175.2, 109.341
990, 37231.4, 108.891
1000, 37298.1, 108.226
1010, 37417.9, 109.91
1020, 37441.4, 110.966
1030, 37544.3, 109.333
1040, 37617.7, 112.454
1050, 37730.4, 108.985
1060, 37744.5, 111.287
1070, 37840.2, 111.756
1080, 38048.9, 111.055
1090, 38131, 109.301
1100, 38098.3, 109.214
1110, 38101.8, 112.293
1120, 38143.5, 111.141
1130, 38253.8, 109.653
1140, 38232.4, 112.154
1150, 38445.2, 110.338
1160, 38559.9, 112.814
1170, 38582.9, 112.171
1180, 38740.4, 113.433
1190, 38699.1, 115.769
1200, 38704, 112.698
1210, 38895.7, 111.499
1220, 38829, 111.337
1230, 38960.7, 113.124
1240, 39010.9, 115.442
1250, 39141, 112.243
1260, 39070.3, 116.434
1270, 39148, 113.01
1280, 39319.6, 116.085
1290, 39350.8, 112.958
1300, 39475.1, 117.373
1310, 39365.7, 114.216
1320, 39453.6, 113.87
1330, 39570, 115.763
1340, 39516.6, 113.534
1350, 39756.1, 114.655
1360, 39740.8, 114.829
1370, 39808.5, 114.882
1380, 39999.5, 114.943
1390, 39924.2, 119.101
1400, 40014.1, 117.169
1410, 40089, 116.89
1420, 40123.6, 116.278
1430, 40213.5, 116.987
1440, 40241.2, 115.397
1450, 40328.6, 119.125
1460, 40381.4, 114.792
1470, 40481.3, 117.805
1480, 40536.7, 115.154
1490, 40652.7, 119.443
1500, 40679.6, 118.482

mastery_rating, DPS, DPS-Error
0, 30278.5, 30.0694
10, 30330.5, 89.333
20, 30392, 89.2825
30, 30458.8, 89.386
40, 30514.6, 90.0941
50, 30591.2, 90.2261
60, 30639.2, 88.9525
70, 30702.2, 90.6147
80, 30754.3, 90.6729
90, 30810.3, 90.1657
100, 30871.7, 90.9518
110, 30940.1, 91.3407
120, 31004.2, 91.4943
130, 31050.6, 91.671
140, 31121.2, 91.1468
150, 31188.8, 91.838
160, 31234.2, 91.0678
170, 31297.2, 91.699
180, 31347.8, 92.1031
190, 31423.9, 93.015
200, 31500.5, 93.1849
210, 31532, 93.1536
220, 31609.2, 93.0384
230, 31659.8, 92.8326
240, 31707.7, 93.5221
250, 31773, 93.0244
260, 31851.8, 94.4799
270, 31897.1, 93.528
280, 31966.2, 94.1035
290, 32035.3, 94.719
300, 32063.8, 93.5433
310, 32137.8, 95.2484
320, 32195.1, 94.2324
330, 32244.4, 94.4779
340, 32316, 94.4408
350, 32375.1, 95.3631
360, 32434.5, 95.435
370, 32486.8, 95.2376
380, 32537.8, 96.0005
390, 32612.1, 96.2431
400, 32668.3, 95.2461
410, 32713.5, 96.7416
420, 32794, 97.1294
430, 32853.3, 96.2341
440, 32898.8, 96.8882
450, 32974.3, 97.1938
460, 33049.9, 97.8364
470, 33095.5, 97.7369
480, 33154.6, 97.4922
490, 33204.9, 97.8697
500, 33270.4, 97.8822
510, 33321.9, 98.7212
520, 33404.7, 99.6206
530, 33444.6, 98.0838
540, 33496.1, 98.1138
550, 33566.3, 98.502
560, 33621, 98.5056
570, 33679.3, 98.7807
580, 33724.5, 99.1116
590, 33792.4, 99.4545
600, 33842.8, 99.6053
610, 33901.3, 99.7434
620, 33976.1, 99.8148
630, 34027.8, 99.4659
640, 34065.8, 101.234
650, 34154.2, 100.578
660, 34223.4, 100.682
670, 34256.4, 100.887
680, 34326.5, 100.546
690, 34381.2, 101.192
700, 34437.1, 100.97
710, 34501.6, 101.389
720, 34563.6, 101.741
730, 34618.1, 101.312
740, 34684, 102.785
750, 34759.4, 102.885
760, 34789.5, 102.693
770, 34856.4, 102.854
780, 34917.1, 102.457
790, 34968, 102.656
800, 35028.8, 103.065
810, 35103.4, 103.489
820, 35144.9, 103.211
830, 35210.6, 103.791
840, 35247.6, 104.041
850, 35320.2, 104.023
860, 35369.6, 103.306
870, 35441.4, 104.477
880, 35500.8, 105.317
890, 35553.8, 104.998
900, 35613.1, 104.44
910, 35671.4, 105.364
920, 35723.2, 105.297
930, 35790.4, 105.53
940, 35843.3, 105.835
950, 35901.2, 105.854
960, 35968.4, 105.682
970, 36018.1, 105.885
980, 36065.9, 105.984
990, 36130, 106.038
1000, 36192.9, 106.8
1010, 36245.3, 107.375
1020, 36304.6, 106.957
1030, 36368.1, 106.66
1040, 36403, 107.633
1050, 36476.5, 107.783
1060, 36537.3, 107.676
1070, 36600.3, 108.625
1080, 36648.4, 108.068
1090, 36708.4, 108.819
1100, 36756.1, 108.237
1110, 36816.4, 108.322
1120, 36867.6, 108.332
1130, 36924.2, 108.942
1140, 36974.5, 109.284
1150, 37043.3, 109.438
1160, 37089, 109.671
1170, 37134.4, 109.576
1180, 37183.8, 109.779
1190, 37251.9, 109.749
1200, 37294.2, 109.655
1210, 37343.5, 110.424
1220, 37404, 110.668
1230, 37458.5, 109.898
1240, 37487.7, 111.249
1250, 37570.4, 110.534
1260, 37621.9, 111.507
1270, 37659.6, 111.361
1280, 37722, 106.045
1290, 37752.7, 111.13
1300, 37832.5, 111.909
1310, 37903, 112.641
1320, 37937, 111.902
1330, 37979.5, 112.488
1340, 38039.8, 112.636
1350, 38069.8, 113.264
1360, 38131, 112.135
1370, 38184.8, 112.51
1380, 38239.7, 113.943
1390, 38314.5, 113.503
1400, 38348.7, 114.307
1410, 38401, 113.316
1420, 38451.4, 114.401
1430, 38505.6, 114.601
1440, 38550.3, 113.823
1450, 38602, 115.195
1460, 38670.1, 115.098
1470, 38717.4, 115.032
1480, 38779.5, 115.13
1490, 38800.6, 115.757
1500, 38857.6, 115.728

versatility_rating, DPS, DPS-Error
0, 30278.5, 30.0694
10, 30336.7, 90.0788
20, 30411.2, 89.4623
30, 30450.3, 90.0117
40, 30499.7, 90.2005
50, 30550, 89.5235
60, 30614.5, 90.0638
70, 30670.1, 89.4258
80, 30720.6, 90.8628
90, 30797, 90.3682
100, 30843.8, 91.276
110, 30894.4, 90.3201
120, 30948.1, 91.9388
130, 31006.1, 91.6087
140, 31058.1, 91.1354
150, 31118.6, 91.3331
160, 31181.3, 91.7835
170, 31233, 91.7319
180, 31277.1, 92.3398
190, 31328.1, 92.109
200, 31389.5, 92.314
210, 31480.1, 93.1261
220, 31522.1, 93.0125
230, 31559.1, 93.4035
240, 31623.3, 93.5476
250, 31666.9, 94.3165
260, 31727, 93.9813
270, 31793.6, 93.3233
280, 31830.7, 93.7346
290, 31899.2, 93.8444
300, 31960.2, 94.2343
310, 32007.5, 94.2035
320, 32057.9, 94.7192
330, 32105.8, 94.2045
340, 32183.6, 94.9164
350, 32240, 95.3857
360, 32272.6, 95.3444
370, 32338.7, 95.4814
380, 32416.3, 95.5937
390, 32459, 92.054
400, 32506.8, 95.4331
410, 32576.4, 95.6393
420, 32618.5, 95.5733
430, 32668.5, 95.5598
440, 32728.4, 95.9729
450, 32784.1, 96.0232
460, 32840, 96.4808
470, 32914, 96.9753
480, 32953.5, 97.2146
490, 33021.8, 96.6668
500, 33070.7, 97.4446
510, 33111, 97.1855
520, 33181.2, 97.2284
530, 33226.8, 97.6678
540, 33293.8, 98.2688
550, 33345.9, 97.9137
560, 33404.6, 98.3732
570, 33453.7, 98.0997
580, 33514.2, 98.4243
590, 33558.6, 99.4697
600, 33618.7, 98.3922
610, 33688.4, 98.6036
620, 33732.9, 99.0289
630, 33799.9, 99.1914
640, 33880.2, 96.3549
650, 33902.2, 99.8156
660, 33989, 96.1758
670, 34043.3, 101.644
680, 34083.8, 100.572
690, 34141.8, 100.709
700, 34196.3, 101.033
710, 34231.9, 100.513
720, 34297.8, 100.659
730, 34343.9, 101.231
740, 34408.4, 100.708
750, 34462, 101.127
760, 34502.4, 101.683
770, 34581.6, 101.336
780, 34622.9, 101.287
790, 34667.2, 102.085
800, 34744.6, 102.343
810, 34810.7, 102.114
820, 34850.3, 102.881
830, 34905.5, 101.557
840, 34968, 102.215
850, 35036.9, 103.166
860, 35092.6, 103.095
870, 35162, 104.03
880, 35204, 103.794
890, 35257.5, 103.835
900, 35310.4, 103.88
910, 35358.3, 103.303
920, 35395.3, 103.869
930, 35451.4, 103.935
940, 35516.9, 104.264
950, 35584.2, 104.578
960, 35615.9, 105.06
970, 35687.7, 104.791
980, 35746.7, 104.657
990, 35782.9, 104.788
1000, 35859.5, 105.715
1010, 35910.9, 105.076
1020, 35965.7, 105.655
1030, 36024.3, 105.374
1040, 36076.8, 105.946
1050, 36128.1, 106.159
1060, 36193.2, 106.564
1070, 36242.4, 105.779
1080, 36304.1, 106.35
1090, 36365.1, 106.572
1100, 36399.5, 107.516
1110, 36463.6, 106.602
1120, 36536.9, 108.292
1130, 36579, 107.322
1140, 36663.8, 107.621
1150, 36688.8, 108.791
1160, 36747.5, 107.377
1170, 36817.8, 109.04
1180, 36864.2, 109.963
1190, 36928.6, 109.787
1200, 37008.1, 110.334
1210, 37038.8, 108.537
1220, 37084.5, 108.894
1230, 37147.1, 109.2
1240, 37185, 109.451
1250, 37246.8, 109.524
1260, 37303.2, 109.677
1270, 37361.9, 109.659
1280, 37425.1, 109.341
1290, 37457.3, 110.382
1300, 37535.4, 110.382
1310, 37576, 110.372
1320, 37644.9, 110.646
1330, 37703.2, 110.662
1340, 37746.3, 110.364
1350, 37801, 110.76
1360, 37861.7, 111.314
1370, 37914.3, 110.652
1380, 37990.2, 111.193
1390, 38040.2, 111.999
1400, 38096, 111.676
1410, 38147.9, 112.111
1420, 38200.6, 111.744
1430, 38265.4, 112.639
1440, 38327.5, 112.547
1450, 38382, 112.936
1460, 38427.1, 112.749
1470, 38504, 113.147
1480, 38584.7, 114.817
1490, 38596.6, 112.741
1500, 38650, 113.639

