逝川流光 Plot Results:
crit_rating, DPS, DPS-Error
0, 118,701, 117.872
10, 119,046, 336.877
20, 119,245, 339.731
30, 119,603, 337.415
40, 119,897, 338.861
50, 120,111, 344.252
60, 120,396, 342.154
70, 120,660, 344.393
80, 120,978, 342.717
90, 121,241, 342.808
100, 121,481, 344.508
110, 121,741, 346.653
120, 122,026, 346.43
130, 122,296, 346.788
140, 122,568, 347.918
150, 122,853, 348.475
160, 123,116, 350.38
170, 123,373, 349.794
180, 123,650, 351.333
190, 123,931, 353.596
200, 124,243, 354.121
210, 124,477, 352.568
220, 124,690, 355.384
230, 125,042, 352.976
240, 125,388, 356.954
250, 125,541, 356.18
260, 125,798, 355.43
270, 126,163, 358.862
280, 126,428, 358.872
290, 126,658, 357.891
300, 126,981, 361.774
310, 127,308, 361.705
320, 127,535, 359.517
330, 127,799, 365.013
340, 128,037, 362.827
350, 128,387, 366.977
360, 128,639, 363.631
370, 128,902, 368.916
380, 129,165, 364.353
390, 129,357, 364.784
400, 129,666, 364.029
410, 129,901, 367.448
420, 130,258, 368.138
430, 130,500, 370.919
440, 130,832, 371.463
450, 131,064, 373.691
460, 131,397, 371.805
470, 131,679, 374.649
480, 131,856, 375.907
490, 132,072, 369.509
500, 132,375, 376.391
510, 132,666, 373.868
520, 132,962, 376.245
530, 133,264, 376.16
540, 133,491, 377.82
550, 133,870, 378.927
560, 133,990, 377.999
570, 134,343, 377.147
580, 134,657, 381.568
590, 134,847, 381.28
600, 135,135, 380.293
610, 135,441, 388.76
620, 135,626, 383.212
630, 135,949, 384.908
640, 136,296, 385.182
650, 136,508, 389.481
660, 136,727, 384.115
670, 137,063, 387.283
680, 137,372, 392.315
690, 137,643, 390.416
700, 137,848, 385.312
710, 138,146, 391.288
720, 138,363, 387.551
730, 138,754, 390.184
740, 138,862, 387.471
750, 139,181, 389.189
760, 139,502, 391.451
770, 139,787, 393.97
780, 140,014, 396.252
790, 140,355, 394.245
800, 140,599, 398.155
810, 140,923, 398.58
820, 141,140, 397.132
830, 141,404, 393.793
840, 141,592, 394.805
850, 142,043, 398.7
860, 142,174, 396.209
870, 142,468, 398.933
880, 142,785, 401.197
890, 142,958, 402.786
900, 143,241, 400.871
910, 143,467, 399.734
920, 143,919, 402.337
930, 144,221, 404.1
940, 144,454, 404.405
950, 144,616, 400.898
960, 144,916, 406.872
970, 145,192, 404.759
980, 145,374, 406.558
990, 145,665, 408.745
1,000, 146,081, 410.37
1,010, 146,343, 414.435
1,020, 146,497, 409.051
1,030, 146,755, 409.325
1,040, 147,022, 408.394
1,050, 147,239, 411.983
1,060, 147,508, 412.94
1,070, 147,705, 413.832
1,080, 148,005, 414.447
1,090, 148,281, 413.896
1,100, 148,440, 416.665
1,110, 148,768, 422.184
1,120, 148,960, 417.123
1,130, 149,228, 418.233
1,140, 149,515, 418.999
1,150, 149,679, 419.015
1,160, 149,932, 420.197
1,170, 150,259, 420.056
1,180, 150,501, 423.07
1,190, 150,651, 425.542
1,200, 150,964, 424.346
1,210, 151,180, 424.836
1,220, 151,442, 429.624
1,230, 151,619, 424.922
1,240, 151,942, 427.107
1,250, 152,188, 428.454
1,260, 152,456, 434.376
1,270, 152,683, 428.298
1,280, 152,868, 427.945
1,290, 153,173, 435.663
1,300, 153,435, 432.663
1,310, 153,638, 428.959
1,320, 153,954, 434.524
1,330, 154,082, 431.958
1,340, 154,371, 428.98
1,350, 154,585, 433.123
1,360, 154,854, 432.296
1,370, 155,096, 438.039
1,380, 155,443, 440.644
1,390, 155,641, 435.058
1,400, 155,876, 439.512
1,410, 156,095, 434.216
1,420, 156,374, 437.742
1,430, 156,562, 439.989
1,440, 156,931, 443.006
1,450, 157,125, 445.183
1,460, 157,329, 445.404
1,470, 157,592, 446.065
1,480, 157,874, 444.768
1,490, 158,088, 445.696
1,500, 158,262, 447.244

haste_rating, DPS, DPS-Error
0, 118,701, 117.872
10, 118,782, 345.251
20, 118,857, 353.05
30, 119,528, 335.457
40, 119,473, 348.159
50, 119,645, 337.703
60, 119,951, 341.714
70, 120,364, 359.211
80, 120,387, 345.875
90, 120,632, 341.8
100, 121,140, 353.377
110, 121,143, 346.587
120, 121,124, 336.865
130, 121,023, 354.07
140, 121,169, 349.595
150, 121,549, 352.22
160, 121,906, 355.021
170, 122,127, 358.055
180, 122,112, 355.174
190, 122,172, 352.237
200, 122,499, 347.918
210, 122,846, 344.019
220, 122,817, 361.19
230, 123,117, 350.924
240, 123,523, 365.308
250, 123,922, 367.611
260, 123,739, 364.38
270, 124,312, 348.003
280, 124,048, 350.317
290, 124,398, 362.989
300, 124,580, 369.708
310, 125,254, 346.857
320, 124,954, 364.844
330, 125,383, 367.426
340, 125,921, 353.616
350, 126,107, 364.578
360, 125,821, 353.284
370, 125,940, 362.415
380, 126,842, 378.503
390, 126,889, 367.366
400, 126,948, 358.228
410, 127,130, 355.332
420, 127,306, 359.895
430, 127,735, 358.466
440, 127,828, 380.259
450, 128,104, 369.411
460, 128,199, 361.153
470, 128,379, 374.281
480, 128,750, 383.89
490, 128,864, 364.72
500, 129,038, 381.301
510, 129,185, 366.357
520, 129,384, 374.46
530, 129,641, 371.037
540, 129,847, 386.712
550, 129,963, 387.965
560, 130,508, 385.583
570, 130,427, 360.346
580, 130,877, 364.713
590, 130,496, 369.672
600, 131,271, 370.311
610, 131,547, 376.327
620, 131,790, 392.298
630, 131,589, 372.554
640, 132,218, 394.685
650, 132,367, 394.978
660, 132,515, 369.003
670, 132,407, 375.827
680, 133,087, 395.517
690, 133,188, 387.79
700, 133,755, 377.462
710, 134,223, 378.015
720, 134,319, 380.318
730, 134,393, 393.616
740, 134,634, 393.013
750, 134,800, 385.849
760, 135,066, 397.637
770, 134,895, 385.86
780, 134,863, 401.467
790, 135,711, 399.971
800, 135,891, 400.28
810, 136,406, 400.25
820, 136,074, 381.993
830, 136,299, 388.254
840, 136,808, 398.755
850, 136,567, 396.057
860, 136,954, 403.567
870, 137,498, 400.968
880, 137,506, 394.25
890, 137,460, 393.274
900, 137,886, 394.318
910, 137,851, 393.419
920, 139,264, 390.997
930, 139,843, 407.308
940, 140,085, 400.727
950, 139,383, 404.32
960, 140,085, 398.079
970, 140,146, 409.914
980, 140,482, 408.961
990, 140,536, 404.153
1,000, 140,417, 400.501
1,010, 141,064, 417.852
1,020, 141,068, 401.368
1,030, 141,467, 407.874
1,040, 141,794, 404.326
1,050, 141,853, 402.529
1,060, 142,001, 412.896
1,070, 142,213, 409.092
1,080, 142,666, 418.305
1,090, 142,642, 418.917
1,100, 142,541, 421.127
1,110, 143,164, 425.611
1,120, 143,321, 410.056
1,130, 143,730, 424.076
1,140, 143,907, 429.146
1,150, 144,240, 410.443
1,160, 144,614, 408.855
1,170, 145,231, 407.013
1,180, 144,740, 406.398
1,190, 145,037, 420.243
1,200, 145,393, 432.095
1,210, 145,662, 433.573
1,220, 145,549, 406.086
1,230, 146,048, 435.391
1,240, 146,107, 422.258
1,250, 145,733, 412.177
1,260, 146,310, 416.013
1,270, 146,609, 418.644
1,280, 147,048, 423.703
1,290, 147,173, 416.156
1,300, 147,590, 424.924
1,310, 147,371, 439.374
1,320, 147,451, 432.014
1,330, 147,304, 420.875
1,340, 148,011, 438.451
1,350, 148,152, 421.339
1,360, 148,379, 430.508
1,370, 148,335, 430.091
1,380, 148,710, 430.492
1,390, 148,835, 435.716
1,400, 149,085, 440.116
1,410, 149,103, 440.027
1,420, 149,084, 428.61
1,430, 149,699, 430.12
1,440, 149,741, 423.623
1,450, 149,800, 442.693
1,460, 149,972, 446.414
1,470, 150,521, 420.974
1,480, 150,392, 428.325
1,490, 150,706, 430.477
1,500, 151,326, 444.965

mastery_rating, DPS, DPS-Error
0, 118,701, 117.872
10, 118,935, 339.242
20, 119,216, 337.815
30, 119,429, 341.835
40, 119,571, 337.023
50, 119,828, 342.974
60, 120,048, 339.358
70, 120,259, 340.845
80, 120,603, 345.506
90, 120,759, 342.09
100, 120,988, 343.787
110, 121,151, 342.69
120, 121,360, 344.966
130, 121,638, 347.124
140, 121,810, 344.497
150, 122,021, 345.904
160, 122,254, 348.28
170, 122,440, 347.706
180, 122,675, 350.151
190, 122,903, 350.714
200, 123,122, 347.751
210, 123,316, 350.811
220, 123,578, 354.274
230, 123,756, 353.711
240, 123,913, 350.358
250, 124,208, 354.85
260, 124,454, 353.405
270, 124,568, 353.614
280, 124,860, 356.389
290, 125,033, 356.104
300, 125,256, 354.549
310, 125,533, 358.3
320, 125,714, 357.085
330, 125,920, 360.538
340, 126,114, 357.597
350, 126,396, 361.685
360, 126,586, 359.213
370, 126,794, 359.509
380, 126,972, 361.699
390, 127,226, 362.692
400, 127,396, 361.809
410, 127,607, 363.421
420, 127,900, 365.035
430, 128,087, 365.587
440, 128,278, 365.648
450, 128,525, 365.22
460, 128,728, 368.435
470, 128,901, 368.338
480, 129,162, 366.207
490, 129,369, 367.32
500, 129,610, 370.128
510, 129,766, 369.948
520, 130,026, 369.266
530, 130,175, 369.547
540, 130,422, 370.862
550, 130,627, 373.257
560, 130,874, 373.863
570, 131,058, 373.885
580, 131,277, 374.454
590, 131,529, 375.053
600, 131,714, 376.441
610, 131,922, 375.795
620, 132,164, 374.727
630, 132,326, 377.04
640, 132,556, 380.255
650, 132,799, 378.743
660, 132,994, 379.541
670, 133,250, 381.362
680, 133,446, 382.364
690, 133,677, 382.328
700, 133,803, 381.787
710, 134,115, 383.974
720, 134,284, 381.342
730, 134,499, 382.372
740, 134,702, 384.279
750, 134,895, 386.145
760, 135,109, 383.682
770, 135,363, 385.802
780, 135,521, 389.818
790, 135,801, 388.697
800, 135,959, 388.118
810, 136,138, 392.551
820, 136,405, 389.708
830, 136,615, 390.33
840, 136,810, 394.831
850, 137,058, 392.442
860, 137,233, 392.855
870, 137,417, 392.187
880, 137,674, 394.479
890, 137,858, 391.731
900, 138,046, 394.845
910, 138,249, 395.51
920, 138,576, 396.994
930, 138,695, 396.765
940, 138,930, 399.603
950, 139,108, 398.465
960, 139,289, 398.868
970, 139,494, 398.104
980, 139,733, 402.464
990, 139,963, 400.71
1,000, 140,179, 403.074
1,010, 140,306, 406.17
1,020, 140,600, 399.967
1,030, 140,807, 403.292
1,040, 141,010, 410.474
1,050, 141,219, 404.676
1,060, 141,366, 406.474
1,070, 141,616, 405.585
1,080, 141,852, 406.58
1,090, 142,040, 408.554
1,100, 142,267, 407.995
1,110, 142,487, 411.133
1,120, 142,675, 408.91
1,130, 142,837, 407.503
1,140, 143,071, 410.319
1,150, 143,197, 410.859
1,160, 143,455, 408.753
1,170, 143,597, 411.258
1,180, 143,765, 412.78
1,190, 144,034, 415.779
1,200, 144,203, 412.517
1,210, 144,324, 414.183
1,220, 144,554, 415.655
1,230, 144,763, 418.172
1,240, 144,957, 417.808
1,250, 145,196, 418.335
1,260, 145,303, 416.608
1,270, 145,521, 418.72
1,280, 145,700, 419.763
1,290, 145,920, 422.532
1,300, 146,061, 418.572
1,310, 146,244, 421.712
1,320, 146,438, 423.42
1,330, 146,645, 418.24
1,340, 146,821, 422.095
1,350, 146,986, 424.202
1,360, 147,206, 421.445
1,370, 147,397, 424.204
1,380, 147,531, 424.857
1,390, 147,786, 423.289
1,400, 147,983, 425.099
1,410, 148,088, 427.982
1,420, 148,293, 429.346
1,430, 148,512, 427.702
1,440, 148,657, 426.971
1,450, 148,984, 428.69
1,460, 149,068, 428.565
1,470, 149,277, 431.922
1,480, 149,400, 429.25
1,490, 149,650, 428.335
1,500, 149,878, 432.494

versatility_rating, DPS, DPS-Error
0, 118,701, 117.872
10, 119,016, 337.369
20, 119,162, 339.938
30, 119,380, 336.095
40, 119,617, 339.48
50, 119,756, 343.239
60, 120,028, 338.635
70, 120,197, 340.098
80, 120,397, 343.822
90, 120,658, 342.119
100, 120,872, 342.381
110, 121,030, 342.892
120, 121,209, 348.235
130, 121,448, 342.45
140, 121,636, 344.216
150, 121,849, 346.911
160, 122,056, 346.44
170, 122,256, 346.514
180, 122,491, 345.566
190, 122,642, 348.945
200, 122,900, 348.065
210, 123,066, 347.694
220, 123,269, 351.049
230, 123,507, 351.05
240, 123,696, 350.282
250, 123,885, 353.894
260, 124,152, 352.897
270, 124,385, 352.644
280, 124,534, 353.256
290, 124,720, 353.641
300, 124,952, 352.779
310, 125,171, 356.939
320, 125,354, 355.048
330, 125,636, 359.748
340, 125,799, 357.153
350, 126,026, 357.551
360, 126,223, 356.641
370, 126,446, 359.66
380, 126,620, 358.339
390, 126,827, 360.847
400, 127,052, 359.001
410, 127,233, 361.032
420, 127,435, 364.7
430, 127,663, 360.902
440, 127,862, 361.668
450, 128,042, 363.801
460, 128,270, 363.648
470, 128,529, 363.41
480, 128,642, 366.847
490, 128,898, 364.805
500, 129,074, 364.638
510, 129,287, 364.824
520, 129,536, 371.294
530, 129,732, 367.673
540, 129,910, 368.861
550, 130,127, 370.236
560, 130,348, 369.999
570, 130,568, 372.331
580, 130,741, 370.465
590, 130,949, 369.56
600, 131,178, 373.243
610, 131,346, 371.468
620, 131,574, 374.793
630, 131,772, 374.929
640, 132,013, 374.7
650, 132,177, 375.824
660, 132,401, 376.298
670, 132,629, 375.426
680, 132,790, 377.654
690, 133,018, 377.531
700, 133,249, 378.485
710, 133,425, 378.613
720, 133,639, 377.06
730, 133,883, 379.819
740, 134,061, 377.902
750, 134,254, 381.188
760, 134,443, 383.273
770, 134,691, 379.797
780, 134,900, 382.47
790, 135,082, 384.36
800, 135,311, 382.071
810, 135,493, 384.34
820, 135,666, 387.428
830, 135,902, 384.048
840, 136,121, 385.529
850, 136,310, 388.973
860, 136,548, 386.789
870, 136,753, 386.862
880, 136,955, 389.059
890, 137,113, 389.843
900, 137,369, 390.285
910, 137,537, 388.944
920, 137,797, 390.711
930, 137,987, 392.903
940, 138,232, 393.487
950, 138,410, 391.064
960, 138,585, 395.843
970, 138,805, 393.547
980, 139,013, 392.704
990, 139,206, 395.67
1,000, 139,418, 394.547
1,010, 139,606, 397.843
1,020, 139,800, 398.912
1,030, 140,067, 396.031
1,040, 140,264, 397.477
1,050, 140,439, 398.019
1,060, 140,663, 398.399
1,070, 140,830, 402.04
1,080, 141,087, 399.294
1,090, 141,212, 397.909
1,100, 141,492, 401.055
1,110, 141,697, 400.829
1,120, 141,935, 402.754
1,130, 142,164, 406.222
1,140, 142,350, 404.979
1,150, 142,488, 404.671
1,160, 142,687, 404.508
1,170, 142,970, 405.233
1,180, 143,140, 404.616
1,190, 143,337, 407.838
1,200, 143,612, 408.876
1,210, 143,761, 406.555
1,220, 143,958, 408.795
1,230, 144,159, 409.729
1,240, 144,360, 410.498
1,250, 144,582, 414.734
1,260, 144,769, 409.72
1,270, 145,016, 408.612
1,280, 145,232, 412.933
1,290, 145,432, 412.064
1,300, 145,610, 413.07
1,310, 145,795, 415.58
1,320, 146,058, 416.278
1,330, 146,255, 418.816
1,340, 146,466, 414.237
1,350, 146,653, 418.654
1,360, 146,871, 418.442
1,370, 147,110, 417.551
1,380, 147,302, 415.861
1,390, 147,478, 420.905
1,400, 147,680, 417.702
1,410, 147,906, 420.207
1,420, 148,107, 422.505
1,430, 148,328, 419.879
1,440, 148,540, 423.175
1,450, 148,711, 425.052
1,460, 148,914, 422.708
1,470, 149,110, 421.256
1,480, 149,291, 424.658
1,490, 149,551, 426.004
1,500, 149,806, 427.008

